((("remove-if-not" .
   [0 0 0 0 0 0 0 0 0 0 1 0 0])
  ("cdr" .
   [1 0 0])
  ("cddr" .
   [1 0 0 0])
  ("*object-locations*" .
   [0 0 0 1 0 0 0 0 0 0 0 0 0 0 0 0 0 0])
  ("living-room" .
   [0 0 0 1 1 0 0 0 0 0 0])
  ("whiskey" .
   [0 0 0 1 0 0 0])
  ("assoc" .
   [2 0 0 0 0])
  ("cadr" .
   [1 0 0 0])
  ("eq" .
   [2 0])
  ("here" .
   [1 0 0 0])
  ("from" .
   [1 0 0 0])
  ("going" .
   [1 0 0 0 0])
  ("there" .
   [1 0 0 0 0])
  ("append" .
   [0 0 0 0 1 0])
  ("apply" .
   [0 0 0 1 0])))
